0000000000000000000000000000000000000000000000000000000000000000000000000000000000000000000000000000000000001100000000000000000111000000001000000011110000000011000000111100000000110000011111000000001000000111111111111110000001111100000000000010011111000000000001100111110000000000000000111100000000000000100111000000000001000010000000000000000000000000000000001000100000000000000000000000000000000000
0000000000000000000000000000000000000000000000000000000000000000000000000000000000000000000000000000000000001100000000000000000111000000001000000011110000000011000000111100000000110000011111000000001000000111111111111110000001111100000000000010011111000000000001100111110000000000000000111100000000000000100111000000000001000010000000000000000000000000000000001000100000000000000000000000000000000000
0000000000000000000000000000000000000000000000000000000000000000000000000000000000000000000000000000000000001100000000000000000111000000001000000011110000000011000000111100000000110000011111000000001000000111111111111110000001111100000000000010011111000000000001100111110000000000000000111100000000000000100111000000000001000010000000000000000000000000000000001000100000000000000000000000000000000000
0000000000000000000000000000000000000000000000000000000000000000000000000000000000000000000000000000000000001100000000000000000111000000001000000011110000000011000000111100000000110000011111000000001000000111111111111110000001111100000000000010011111000000000001100111110000000000000000111100000000000000100111000000000001000010000000000000000000000000000000001000100000000000000000000000000000000000
0000000000000000000000000000000000000000000000000000000000000000000000000000000000000000000000000000000000001100000000000000000111000000001000000011110000000011000000111100000000110000011111000000001000000111111111111110000001111100000000000010011111000000000001100111110000000000000000111100000000000000100111000000000001000010000000000000000000000000000000001000100000000000000000000000000000000000
0000000000000000000000000000000000000000000000000000000000000000000000000000000000000000000000000000000000001100000000000000000111000000001000000011110000000011000000111100000000110000011111000000001000000111111111111110000001111100000000000010011111000000000001100111110000000000000000111100000000000000100111000000000001000010000000000000000000000000000000001000100000000000000000000000000000000000
0000000000000000000000000000000000000000000000000000000000000000000000000000000000000000000000000000000000001100000000000000000111000000001000000011110000000011000000111100000000110000011111000000001000000111111111111110000001111100000000000010011111000000000001100111110000000000000000111100000000000000100111000000000001000010000000000000000000000000000000001000100000000000000000000000000000000000
0000000000000000000000000000000000000000000000000000000000000000000000000000000000000000000000000000000000001100000000000000000111000000001000000011110000000011000000111100000000110000011111000000001000000111111111111110000001111100000000000010011111000000000001100111110000000000000000111100000000000000100111000000000001000010000000000000000000000000000000001000100000000000000000000000000000000000
0000000000000000000000000000000000000000000000000000000000000000000000000000000000000000000000000000000000001100000000000000000111000000001000000011110000000011000000111100000000110000011111000000001000000111111111111110000001111100000000000010011111000000000001100111110000000000000000111100000000000000100111000000000001000010000000000000000000000000000000001000100000000000000000000000000000000000
0000000000000000000000000000000000000000000000000000000000000000000000000000000000000000000000000000000000001100000000000000000111000000001000000011110000000011000000111100000000110000011111000000001000000111111111111110000001111100000000000010011111000000000001100111110000000000000000111100000000000000100111000000000001000010000000000000000000000000000000001000100000000000000000000000000000000000
0000000000000000000000000000000000000000000000000000000000000000000000000000000000000000000000000000000000001100000000000000000111000000001000000011110000000011000000111100000000110000011111000000001000000111111111111110000001111100000000000010011111000000000001100111110000000000000000111100000000000000100111000000000001000010000000000000000000000000000000001000100000000000000000000000000000000000
0000000000000000000000000000000000000000000000000000000000000000000000000000000000000000000000000000000000001100000000000000000111000000001000000011110000000011000000111100000000110000011111000000001000000111111111111110000001111100000000000010011111000000000001100111110000000000000000111100000000000000100111000000000001000010000000000000000000000000000000001000100000000000000000000000000000000000
0000000000000000000000000000000000000000000000000000000000000000000000000000000000000000000000000000000000001100000000000000000111000000001000000011110000000011000000111100000000110000011111000000001000000111111111111110000001111100000000000010011111000000000001100111110000000000000000111100000000000000100111000000000001000010000000000000000000000000000000001000100000000000000000000000000000000000
0000000000000000000000000000000000000000000000000000000000000000000000000000000000000000000000000000000000001100000000000000000111000000001000000011110000000011000000111100000000110000011111000000001000000111111111111110000001111100000000000010011111000000000001100111110000000000000000111100000000000000100111000000000001000010000000000000000000000000000000001000100000000000000000000000000000000000
0000000000000000000000000000000000000000000000000000000000000000000000000000000000000000000000000000000000001100000000000000000111000000001000000011110000000011000000111100000000110000011111000000001000000111111111111110000001111100000000000010011111000000000001100111110000000000000000111100000000000000100111000000000001000010000000000000000000000000000000001000100000000000000000000000000000000000
0000000000000000000000000000000000000000000000000000000000000000000000000000000000000000000000000000000000001100000000000000000111000000001000000011110000000011000000111100000000110000011111000000001000000111111111111110000001111100000000000010011111000000000001100111110000000000000000111100000000000000100111000000000001000010000000000000000000000000000000001000100000000000000000000000000000000000
0000000000000000000000000000000000000000000000000000000000000000000000000000000000000000000000000000000000001100000000000000000111000000001000000011110000000011000000111100000000110000011111000000001000000111111111111110000001111100000000000010011111000000000001100111110000000000000000111100000000000000100111000000000001000010000000000000000000000000000000001000100000000000000000000000000000000000
0000000000000000000000000000000000000000000000000000000000000000000000000000000000000000000000000000000000001100000000000000000111000000001000000011110000000011000000111100000000110000011111000000001000000111111111111110000001111100000000000010011111000000000001100111110000000000000000111100000000000000100111000000000001000010000000000000000000000000000000001000100000000000000000000000000000000000
0000000000000000000000000000000000000000000000000000000000000000000000000000000000000000000000000000000000001100000000000000000111000000001000000011110000000011000000111100000000110000011111000000001000000111111111111110000001111100000000000010011111000000000001100111110000000000000000111100000000000000100111000000000001000010000000000000000000000000000000001000100000000000000000000000000000000000
0000000000000000000000000000000000000000000000000000000000000000000000000000000000000000000000000000000000001100000000000000000111000000001000000011110000000011000000111100000000110000011111000000001000000111111111111110000001111100000000000010011111000000000001100111110000000000000000111100000000000000100111000000000001000010000000000000000000000000000000001000100000000000000000000000000000000000
0000000000000000000000000000000000000000000000000000000000000000000000000000000000000000000000000000000000001100000000000000000111000000001000000011110000000011000000111100000000110000011111000000001000000111111111111110000001111100000000000010011111000000000001100111110000000000000000111100000000000000100111000000000001000010000000000000000000000000000000001000100000000000000000000000000000000000
0000000000000000000000000000000000000000000000000000000000000000000000000000000000000000000000000000000000001100000000000000000111000000001000000011110000000011000000111100000000110000011111000000001000000111111111111110000001111100000000000010011111000000000001100111110000000000000000111100000000000000100111000000000001000010000000000000000000000000000000001000100000000000000000000000000000000000
0000000000000000000000000000000000000000000000000000000000000000000000000000000000000000000000000000000000001100000000000000000111000000001000000011110000000011000000111100000000110000011111000000001000000111111111111110000001111100000000000010011111000000000001100111110000000000000000111100000000000000100111000000000001000010000000000000000000000000000000001000100000000000000000000000000000000000
0000000000000000000000000000000000000000000000000000000000000000000000000000000000000000000000000000000000001100000000000000000111000000001000000011110000000011000000111100000000110000011111000000001000000111111111111110000001111100000000000010011111000000000001100111110000000000000000111100000000000000100111000000000001000010000000000000000000000000000000001000100000000000000000000000000000000000
0000000000000000000000000000000000000000000000000000000000000000000000000000000000000000000000000000000000001100000000000000000111000000001000000011110000000011000000111100000000110000011111000000001000000111111111111110000001111100000000000010011111000000000001100111110000000000000000111100000000000000100111000000000001000010000000000000000000000000000000001000100000000000000000000000000000000000
0000000000000000000000000000000000000000000000000000000000000000000000000000000000000000000000000000000000001100000000000000000111000000001000000011110000000011000000111100000000110000011111000000001000000111111111111110000001111100000000000010011111000000000001100111110000000000000000111100000000000000100111000000000001000010000000000000000000000000000000001000100000000000000000000000000000000000
0000000000000000000000000000000000000000000000000000000000000000000000000000000000000000000000000000000000001100000000000000000111000000001000000011110000000011000000111100000000110000011111000000001000000111111111111110000001111100000000000010011111000000000001100111110000000000000000111100000000000000100111000000000001000010000000000000000000000000000000001000100000000000000000000000000000000000
0000000000000000000000000000000000000000000000000000000000000000000000000000000000000000000000000000000000001100000000000000000111000000001000000011110000000011000000111100000000110000011111000000001000000111111111111110000001111100000000000010011111000000000001100111110000000000000000111100000000000000100111000000000001000010000000000000000000000000000000001000100000000000000000000000000000000000
0000000000000000000000000000000000000000000000000000000000000000000000000000000000000000000000000000000000001100000000000000000111000000001000000011110000000011000000111100000000110000011111000000001000000111111111111110000001111100000000000010011111000000000001100111110000000000000000111100000000000000100111000000000001000010000000000000000000000000000000001000100000000000000000000000000000000000
0000000000000000000000000000000000000000000000000000000000000000000000000000000000000000000000000000000000001100000000000000000111000000001000000011110000000011000000111100000000110000011111000000001000000111111111111110000001111100000000000010011111000000000001100111110000000000000000111100000000000000100111000000000001000010000000000000000000000000000000001000100000000000000000000000000000000000
0000000000000000000000000000000000000000000000000000000000000000000000000000000000000000000000000000000000001100000000000000000111000000001000000011110000000011000000111100000000110000011111000000001000000111111111111110000001111100000000000010011111000000000001100111110000000000000000111100000000000000100111000000000001000010000000000000000000000000000000001000100000000000000000000000000000000000
0000000000000000000000000000000000000000000000000000000000000000000000000000000000000000000000000000000000001100000000000000000111000000001000000011110000000011000000111100000000110000011111000000001000000111111111111110000001111100000000000010011111000000000001100111110000000000000000111100000000000000100111000000000001000010000000000000000000000000000000001000100000000000000000000000000000000000
0000000000000000000000000000000000000000000000000000000000000000000000000000000000000000000000000000000000001110000000000000000111100000100000000011111000001100000000111110000001000000001111111111110000000011111000000000000010111110000000000100000111100000000000000001111000000000010010000100000000000000000000000000000000000000000000000000000010000000000000000000000000000000000000000000000000000000
0000000000000000000000000000000000000000000000000000000000000000000000000000000000000000000000000000000000001110000000000000000111100000100000000011111000001100000000111110000001000000001111111111110000000011111000000000000010111110000000000100000111100000000000000001111000000000010010000100000000000000000000000000000000000000000000000000000010000000000000000000000000000000000000000000000000000000
0000000000000000000000000000000000000000000000000000000000000000000000000000000000000000000000000000000000001110000000000000000111100000100000000011111000001100000000111110000001000000001111111111110000000011111000000000000010111110000000000100000111100000000000000001111000000000010010000100000000000000000000000000000000000000000000000000000010000000000000000000000000000000000000000000000000000000
0000000000000000000000000000000000000000000000000000000000000000000000000000000000000000000000000000000000001110000000000000000111100000100000000011111000001100000000111110000001000000001111111111110000000011111000000000000010111110000000000100000111100000000000000001111000000000010010000100000000000000000000000000000000000000000000000000000010000000000000000000000000000000000000000000000000000000
0000000000000000000000000000000000000000000000000000000000000000000000000000000000000000000000000000000000001110000000000000000111100000100000000011111000001100000000111110000001000000001111111111110000000011111000000000000010111110000000000100000111100000000000000001111000000000010010000100000000000000000000000000000000000000000000000000000010000000000000000000000000000000000000000000000000000000
0000000000000000000000000000000000000000000000000000000000000000000000000000000000000000000000000000000000001110000000000000000111100000100000000011111000001100000000111110000001000000001111111111110000000011111000000000000010111110000000000100000111100000000000000001111000000000010010000100000000000000000000000000000000000000000000000000000010000000000000000000000000000000000000000000000000000000
0000000000000000000000000000000000000000000000000000000000000000000000000000000000000000000000000000000000001110000000000000000111100000100000000011111000001100000000111110000001000000001111111111110000000011111000000000000010111110000000000100000111100000000000000001111000000000010010000100000000000000000000000000000000000000000000000000000010000000000000000000000000000000000000000000000000000000
0000000000000000000000000000000000000000000000000000000000000000000000000000000000000000000000000000000000001110000000000000000111100000100000000011111000001100000000111110000001000000001111111111110000000011111000000000000010111110000000000100000111100000000000000001111000000000010010000100000000000000000000000000000000000000000000000000000010000000000000000000000000000000000000000000000000000000
0000000000000000000000000000000000000000000000000000000000000000000000000000000000000000000000000000000000001110000000000000000111100000100000000011111000001100000000111110000001000000001111111111110000000011111000000000000010111110000000000100000111100000000000000001111000000000010010000100000000000000000000000000000000000000000000000000000010000000000000000000000000000000000000000000000000000000
0000000000000000000000000000000000000000000000000000000000000000000000000000000000000000000000000000000000001110000000000000000111100000100000000011111000001100000000111110000001000000001111111111110000000011111000000000000010111110000000000100000111100000000000000001111000000000010010000100000000000000000000000000000000000000000000000000000010000000000000000000000000000000000000000000000000000000
0000000000000000000000000000000000000000000000000000000000000000000000000000000000000000000000000000000000001110000000000000000111100000100000000011111000001100000000111110000001000000001111111111110000000011111000000000000010111110000000000100000111100000000000000001111000000000010010000100000000000000000000000000000000000000000000000000000010000000000000000000000000000000000000000000000000000000
0000000000000000000000000000000000000000000000000000000000000000000000000000000000000000000000000000000000001110000000000000000111100000100000000011111000001100000000111110000001000000001111111111110000000011111000000000000010111110000000000100000111100000000000000001111000000000010010000100000000000000000000000000000000000000000000000000000010000000000000000000000000000000000000000000000000000000
0000000000000000000000000000000000000000000000000000000000000000000000000000000000000000000000000000000000001110000000000000000111100000100000000011111000001100000000111110000001000000001111111111110000000011111000000000000010111110000000000100000111100000000000000001111000000000010010000100000000000000000000000000000000000000000000000000000010000000000000000000000000000000000000000000000000000000
0000000000000000000000000000000000000000000000000000000000000000000000000000000000000000000000000000000000001110000000000000000111100000100000000011111000001100000000111110000001000000001111111111110000000011111000000000000010111110000000000100000111100000000000000001111000000000010010000100000000000000000000000000000000000000000000000000000010000000000000000000000000000000000000000000000000000000
0000000000000000000000000000000000000000000000000000000000000000000000000000000000000000000000000000000000001110000000000000000111100000100000000011111000001100000000111110000001000000001111111111110000000011111000000000000010111110000000000100000111100000000000000001111000000000010010000100000000000000000000000000000000000000000000000000000010000000000000000000000000000000000000000000000000000000
0000000000000000000000000000000000000000000000000000000000000000000000000000000000000000000000000000000000001110000000000000000111100000100000000011111000001100000000111110000001000000001111111111110000000011111000000000000010111110000000000100000111100000000000000001111000000000010010000100000000000000000000000000000000000000000000000000000010000000000000000000000000000000000000000000000000000000
0000000000000000000000000000000000000000000000000000000000000000000000000000000000000000000000000000000000001110000000000000000111100000100000000011111000001100000000111110000001000000001111111111110000000011111000000000000010111110000000000100000111100000000000000001111000000000010010000100000000000000000000000000000000000000000000000000000010000000000000000000000000000000000000000000000000000000
0000000000000000000000000000000000000000000000000000000000000000000000000000000000000000000000000000000000001110000000000000000111100000100000000011111000001100000000111110000001000000001111111111110000000011111000000000000010111110000000000100000111100000000000000001111000000000010010000100000000000000000000000000000000000000000000000000000010000000000000000000000000000000000000000000000000000000
0000000000000000000000000000000000000000000000000000000000000000000000000000000000000000000000000000000000001110000000000000000111100000100000000011111000001100000000111110000001000000001111111111110000000011111000000000000010111110000000000100000111100000000000000001111000000000010010000100000000000000000000000000000000000000000000000000000010000000000000000000000000000000000000000000000000000000
0000000000000000000000000000000000000000000000000000000000000000000000000000000000000000000000000000000000000000000000000000000000000000000000000000000000000000000000000000000000000000000000000000000000000000000000000000000000000000000000000000000000000000000000000000000000000000000000000000000000000000000000000000000000000000000000000000000000000000000000000000000000000000000000000000000000000000
0000000000000000000000000000000000000000000000000000000000000000000000000000000000000000000000000000000000000000000000000000000000000000000000000000000000000000000000000000000000000000000000000000000000000000000000000000000000000000000000000000000000000000000000000000000000000000000000000000000000000000000000000000000000000000000000000000000000000000000000000000000000000000000000000000000000000000
0000000000000000000000000000000000000000000000000000000000000000000000000000000000000000000000000000000000000000000000000000000000000000000000000000000000000000000000000000000000000000000000000000000000000000000000000000000000000000000000000000000000000000000000000000000000000000000000000000000000000000000000000000000000000000000000000000000000000000000000000000000000000000000000000000000000000000
0000000000000000000000000000000000000000000000000000000000000000000000000000000000000000000000000000000000000000000000000000000000000000000000000000000000000000000000000000000000000000000000000000000000000000000000000000000000000000000000000000000000000000000000000000000000000000000000000000000000000000000000000000000000000000000000000000000000000000000000000000000000000000000000000000000000000000
0000000000000000000000000000000000000000000000000000000000000000000000000000000000000000000000000000000000000000000000000000000000000000000000000000000000000000000000000000000000000000000000000000000000000000000000000000000000000000000000000000000000000000000000000000000000000000000000000000000000000000000000000000000000000000000000000000000000000000000000000000000000000000000000000000000000000000
0000000000000000000000000000000000000000000000000000000000000000000000000000000000000000000000000000000000000000000000000000000000000000000000000000000000000000000000000000000000000000000000000000000000000000000000000000000000000000000000000000000000000000000000000000000000000000000000000000000000000000000000000000000000000000000000000000000000000000000000000000000000000000000000000000000000000000
0000000000000000000000000000000000000000000000000000000000000000000000000000000000000000000000000000000000000000000000000000000000000000000000000000000000000000000000000000000000000000000000000000000000000000000000000000000000000000000000000000000000000000000000000000000000000000000000000000000000000000000000000000000000000000000000000000000000000000000000000000000000000000000000000000000000000000
0000000000000000000000000000000000000000000000000000000000000000000000000000000000000000000000000000000000000000000000000000000000000000000000000000000000000000000000000000000000000000000000000000000000000000000000000000000000000000000000000000000000000000000000000000000000000000000000000000000000000000000000000000000000000000000000000000000000000000000000000000000000000000000000000000000000000000
0000000000000000000000000000000000000000000000000000000000000000000000000000000000000000000000000000000000000000000000000000000000000000000000000000000000000000000000000000000000000000000000000000000000000000000000000000000000000000000000000000000000000000000000000000000000000000000000000000000000000000000000000000000000000000000000000000000000000000000000000000000000000000000000000000000000000000
