0000000000000000000000000000000000000000000000000000000000000000000000000000000000000011100000000010000000111100000000100000001111100000001000000011111100000010000000111111000000100000001111111111111000000011111100000010000000111110000000100000001111100000001000000011111000000010000000111100000000100000001111000000000000000000000000000000000000000000000000000000000000000000000000000000000000000000
0000000000000000000000000000000000000000000000000000000000000000000000000000000000000011100000000010000000111100000000100000001111100000001000000011111100000010000000111111000000100000001111111111111000000011111100000010000000111110000000100000001111100000001000000011111000000010000000111100000000100000001111000000000000000000000000000000000000000000000000000000000000000000000000000000000000000000
0000000000000000000000000000000000000000000000100000000000000000001100000000000000000011100000000000000000111100000000100000001111000000001000000011110000000010000000111110000000100000001111100000001000000011111111111110000000111110000000100000001111100000001000000011110000000010000000111100000000100000001111000000001000000011110000000010000000111000000000000000000000000000000000000000000000000000
0000000000000000000000000000000000000000000000100000000000000000001100000000000000000011100000000000000000111100000000100000001111000000001000000011110000000010000000111110000000100000001111100000001000000011111111111110000000111110000000100000001111100000001000000011110000000010000000111100000000100000001111000000001000000011110000000010000000111000000000000000000000000000000000000000000000000000
0000000000000000000000000000000000000000000000100000000000000000001100000000000000000011100000000000000000111100000000100000001111000000001000000011110000000010000000111110000000100000001111100000001000000011111111111110000000111110000000100000001111100000001000000011110000000010000000111100000000100000001111000000001000000011110000000010000000111000000000000000000000000000000000000000000000000000
0000000000000000000000000000000000000000000000100000000000000000001100000000000000000011100000000000000000111100000000100000001111000000001000000011110000000010000000111110000000100000001111100000001000000011111111111110000000111110000000100000001111100000001000000011110000000010000000111100000000100000001111000000001000000011110000000010000000111000000000000000000000000000000000000000000000000000
0000000000000000000000000000000000000000000000100000000000000000001100000000000000000011100000000000000000111100000000100000001111000000001000000011110000000010000000111110000000100000001111100000001000000011111111111110000000111110000000100000001111100000001000000011110000000010000000111100000000100000001111000000001000000011110000000010000000111000000000000000000000000000000000000000000000000000
0000000000000000000000000000000000000000000000100000000000000000001100000000000000000011100000000000000000111100000000100000001111000000001000000011110000000010000000111110000000100000001111100000001000000011111111111110000000111110000000100000001111100000001000000011110000000010000000111100000000100000001111000000001000000011110000000010000000111000000000000000000000000000000000000000000000000000
0000000000000000000000000000000000000000000000100000000000000000001100000000000000000011100000000000000000111100000000100000001111000000001000000011110000000010000000111110000000100000001111100000001000000011111111111110000000111110000000100000001111100000001000000011110000000010000000111100000000100000001111000000001000000011110000000010000000111000000000000000000000000000000000000000000000000000
0000000000000000000000000000000000000000000000100000000000000000001100000000000000000011100000000000000000111100000000100000001111000000001000000011110000000010000000111110000000100000001111100000001000000011111111111110000000111110000000100000001111100000001000000011110000000010000000111100000000100000001111000000001000000011110000000010000000111000000000000000000000000000000000000000000000000000
0000000000000000000000000000000000000000000000100000000000000000001100000000000000000011100000000000000000111100000000100000001111000000001000000011110000000010000000111110000000100000001111100000001000000011111111111110000000111110000000100000001111100000001000000011110000000010000000111100000000100000001111000000001000000011110000000010000000111000000000000000000000000000000000000000000000000000
0000000000000000000000000000000000000000000000100000000000000000001100000000000000000011100000000000000000111100000000100000001111000000001000000011110000000010000000111110000000100000001111100000001000000011111111111110000000111110000000100000001111100000001000000011110000000010000000111100000000100000001111000000001000000011110000000010000000111000000000000000000000000000000000000000000000000000
0000000000000000000000000000000000000000000000100000000000000000001100000000000000000011100000000000000000111100000000100000001111000000001000000011110000000010000000111110000000100000001111100000001000000011111111111110000000111110000000100000001111100000001000000011110000000010000000111100000000100000001111000000001000000011110000000010000000111000000000000000000000000000000000000000000000000000
0000000000000000000000000000000000000000000000100000000000000000001100000000000000000011100000000000000000111100000000100000001111000000001000000011110000000010000000111110000000100000001111100000001000000011111111111110000000111110000000100000001111100000001000000011110000000010000000111100000000100000001111000000001000000011110000000010000000111000000000000000000000000000000000000000000000000000
0000000000000000000000000000000000000000000000100000000000000000001100000000000000000011100000000000000000111100000000100000001111000000001000000011110000000010000000111110000000100000001111100000001000000011111111111110000000111110000000100000001111100000001000000011110000000010000000111100000000100000001111000000001000000011110000000010000000111000000000000000000000000000000000000000000000000000
0000000000000000000000000000000000000000000000100000000000000000001100000000000000000011100000000000000000111100000000100000001111000000001000000011110000000010000000111110000000100000001111100000001000000011111111111110000000111110000000100000001111100000001000000011110000000010000000111100000000100000001111000000001000000011110000000010000000111000000000000000000000000000000000000000000000000000
0000000000000000000000000000000000000000000000100000000000000000001100000000000000000011100000000000000000111100000000100000001111000000001000000011110000000010000000111110000000100000001111100000001000000011111111111110000000111110000000100000001111100000001000000011110000000010000000111100000000100000001111000000001000000011110000000010000000111000000000000000000000000000000000000000000000000000
0000000000000000000000000000000000000000000000100000000000000000001100000000000000000011100000000000000000111100000000100000001111000000001000000011110000000010000000111110000000100000001111100000001000000011111111111110000000111110000000100000001111100000001000000011110000000010000000111100000000100000001111000000001000000011110000000010000000111000000000000000000000000000000000000000000000000000
0000000000000000000000000000000000000000000000100000000000000000001100000000000000000011100000000000000000111100000000100000001111000000001000000011110000000010000000111110000000100000001111100000001000000011111111111110000000111110000000100000001111100000001000000011110000000010000000111100000000100000001111000000001000000011110000000010000000111000000000000000000000000000000000000000000000000000
0000000000000000000000000000000000000000000000100000000000000000001100000000000000000011100000000000000000111100000000100000001111000000001000000011110000000010000000111110000000100000001111100000001000000011111111111110000000111110000000100000001111100000001000000011110000000010000000111100000000100000001111000000001000000011110000000010000000111000000000000000000000000000000000000000000000000000
0000000000000000000000000000000000000000000000100000000000000000001100000000000000000011100000000000000000111100000000100000001111000000001000000011110000000010000000111110000000100000001111100000001000000011111111111110000000111110000000100000001111100000001000000011110000000010000000111100000000100000001111000000001000000011110000000010000000111000000000000000000000000000000000000000000000000000
0000000000000000000000000000000000000000000000000000000000000000000111000000000000000001111000000011000000011111000000110000000111110000001100000001111100000011000000011111000111110000000111111111111100000001111100011011000000011111000000110000000111100000001100000001111000000111000000011110000001110000000111000000011100000000100000000000000000000000000000000000000000000000000000000000000000000000
0000000000000000000000000000000000000000000000000000000000000000000111000000000000000001111000000011000000011111000000110000000111110000001100000001111100000011000000011111000111110000000111111111111100000001111100011011000000011111000000110000000111100000001100000001111000000111000000011110000001110000000111000000011100000000100000000000000000000000000000000000000000000000000000000000000000000000
0000000000000000000000000000000000000000000000000000000000000000000111000000000000000001111000000011000000011111000000110000000111110000001100000001111100000011000000011111000111110000000111111111111100000001111100011011000000011111000000110000000111100000001100000001111000000111000000011110000001110000000111000000011100000000100000000000000000000000000000000000000000000000000000000000000000000000
0000000000000000000000000000000000000000000000000000000000000000000111000000000000000001111000000011000000011111000000110000000111110000001100000001111100000011000000011111000111110000000111111111111100000001111100011011000000011111000000110000000111100000001100000001111000000111000000011110000001110000000111000000011100000000100000000000000000000000000000000000000000000000000000000000000000000000
0000000000000000000000000000000000000000000000000000000000000000000111000000000000000001111000000011000000011111000000110000000111110000001100000001111100000011000000011111000111110000000111111111111100000001111100011011000000011111000000110000000111100000001100000001111000000111000000011110000001110000000111000000011100000000100000000000000000000000000000000000000000000000000000000000000000000000
0000000000000000000000000000000000000000000000000000000000000000000111000000000000000001111000000011000000011111000000110000000111110000001100000001111100000011000000011111000111110000000111111111111100000001111100011011000000011111000000110000000111100000001100000001111000000111000000011110000001110000000111000000011100000000100000000000000000000000000000000000000000000000000000000000000000000000
0000000000000000000000000000000000000000000000000000000000000000000111000000000000000001111000000011000000011111000000110000000111110000001100000001111100000011000000011111000111110000000111111111111100000001111100011011000000011111000000110000000111100000001100000001111000000111000000011110000001110000000111000000011100000000100000000000000000000000000000000000000000000000000000000000000000000000
0000000000000000000000000000000000000000000000000000000000000000000111000000000000000001111000000011000000011111000000110000000111110000001100000001111100000011000000011111000111110000000111111111111100000001111100011011000000011111000000110000000111100000001100000001111000000111000000011110000001110000000111000000011100000000100000000000000000000000000000000000000000000000000000000000000000000000
0000000000000000000000000000000000000000000000000000000000000000000111000000000000000001111000000011000000011111000000110000000111110000001100000001111100000011000000011111000111110000000111111111111100000001111100011011000000011111000000110000000111100000001100000001111000000111000000011110000001110000000111000000011100000000100000000000000000000000000000000000000000000000000000000000000000000000
0000000000000000000000000000000000000000000000000000000000000000000111000000000000000001111000000011000000011111000000110000000111110000001100000001111100000011000000011111000111110000000111111111111100000001111100011011000000011111000000110000000111100000001100000001111000000111000000011110000001110000000111000000011100000000100000000000000000000000000000000000000000000000000000000000000000000000
0000000000000000000000000000000000000000000000000000000000000000000111000000000000000001111000000011000000011111000000110000000111110000001100000001111100000011000000011111000111110000000111111111111100000001111100011011000000011111000000110000000111100000001100000001111000000111000000011110000001110000000111000000011100000000100000000000000000000000000000000000000000000000000000000000000000000000
0000000000000000000000000000000000000000000000000000000000000000000111000000000000000001111000000011000000011111000000110000000111110000001100000001111100000011000000011111000111110000000111111111111100000001111100011011000000011111000000110000000111100000001100000001111000000111000000011110000001110000000111000000011100000000100000000000000000000000000000000000000000000000000000000000000000000000
0000000000000000000000000000000000000000000000000000000000000000000111000000000000000001111000000011000000011111000000110000000111110000001100000001111100000011000000011111000111110000000111111111111100000001111100011011000000011111000000110000000111100000001100000001111000000111000000011110000001110000000111000000011100000000100000000000000000000000000000000000000000000000000000000000000000000000
0000000000000000000000000000000000000000000000000000000000000000000111000000000000000001111000000011000000011111000000110000000111110000001100000001111100000011000000011111000111110000000111111111111100000001111100011011000000011111000000110000000111100000001100000001111000000111000000011110000001110000000111000000011100000000100000000000000000000000000000000000000000000000000000000000000000000000
0000000000000000000000000000000000000000000000000000000000000000000000000000000000000000000000000010000011100000000001100000111110000000011000001111100000000110000011111100000001100000111111000000011000001111111111111110000011111111111111100000111111000000011000001111110000000110000011111000000001100000111110000000011000001100000000000110000000000000000000100000000000000000000000000000000000000000
0000000000000000000000000000000000000000000000000000000000000000000000000000000000000000000000000010000011100000000001100000111110000000011000001111100000000110000011111100000001100000111111000000011000001111111111111110000011111111111111100000111111000000011000001111110000000110000011111000000001100000111110000000011000001100000000000110000000000000000000100000000000000000000000000000000000000000
0000000000000000000000000000000000000000000000000000000000000000000000000000000000000000000000000010000011100000000001100000111110000000011000001111100000000110000011111100000001100000111111000000011000001111111111111110000011111111111111100000111111000000011000001111110000000110000011111000000001100000111110000000011000001100000000000110000000000000000000100000000000000000000000000000000000000000
0000000000000000000000000000000000000000000000000000000000000000000000000000000000000000000000000010000011100000000001100000111110000000011000001111100000000110000011111100000001100000111111000000011000001111111111111110000011111111111111100000111111000000011000001111110000000110000011111000000001100000111110000000011000001100000000000110000000000000000000100000000000000000000000000000000000000000
0000000000000000000000000000000000000000000000000000000000000000000000000000000000000000000000000010000011100000000001100000111110000000011000001111100000000110000011111100000001100000111111000000011000001111111111111110000011111111111111100000111111000000011000001111110000000110000011111000000001100000111110000000011000001100000000000110000000000000000000100000000000000000000000000000000000000000
0000000000000000000000000000000000000000000000000000000000000000000000000000000000000000000000000010000011100000000001100000111110000000011000001111100000000110000011111100000001100000111111000000011000001111111111111110000011111111111111100000111111000000011000001111110000000110000011111000000001100000111110000000011000001100000000000110000000000000000000100000000000000000000000000000000000000000
0000000000000000000000000000000000000000000000000000000000000000000000000000000000000000000000000010000011100000000001100000111110000000011000001111100000000110000011111100000001100000111111000000011000001111111111111110000011111111111111100000111111000000011000001111110000000110000011111000000001100000111110000000011000001100000000000110000000000000000000100000000000000000000000000000000000000000
0000000000000000000000000000000000000000000000000000000000000000000000000000000000000000000000000010000011100000000001100000111110000000011000001111100000000110000011111100000001100000111111000000011000001111111111111110000011111111111111100000111111000000011000001111110000000110000011111000000001100000111110000000011000001100000000000110000000000000000000100000000000000000000000000000000000000000
0000000000000000000000000000000000000000000000000000000000000000000000000000000000000000000000000010000011100000000001100000111110000000011000001111100000000110000011111100000001100000111111000000011000001111111111111110000011111111111111100000111111000000011000001111110000000110000011111000000001100000111110000000011000001100000000000110000000000000000000100000000000000000000000000000000000000000
0000000000000000000000000000000000000000000000000000000000000000000000000000000000000000000000000010000011100000000001100000111110000000011000001111100000000110000011111100000001100000111111000000011000001111111111111110000011111111111111100000111111000000011000001111110000000110000011111000000001100000111110000000011000001100000000000110000000000000000000100000000000000000000000000000000000000000
0000000000000000000000000000000000000000000000000000000000000000000000000000000000000000000000000010000011100000000001100000111110000000011000001111100000000110000011111100000001100000111111000000011000001111111111111110000011111111111111100000111111000000011000001111110000000110000011111000000001100000111110000000011000001100000000000110000000000000000000100000000000000000000000000000000000000000
0000000000000000000000000000000000000000000000000000000000000000000000000000000000000000000000000010000011100000000001100000111110000000011000001111100000000110000011111100000001100000111111000000011000001111111111111110000011111111111111100000111111000000011000001111110000000110000011111000000001100000111110000000011000001100000000000110000000000000000000100000000000000000000000000000000000000000
0000000000000000000000000000000000000000000000000000000000000000000000000000000000000000000000000010000011100000000001100000111110000000011000001111100000000110000011111100000001100000111111000000011000001111111111111110000011111111111111100000111111000000011000001111110000000110000011111000000001100000111110000000011000001100000000000110000000000000000000100000000000000000000000000000000000000000
0000000000000000000000000000000000000000000000000000000000000000000000000000000000000000000000000010000011100000000001100000111110000000011000001111100000000110000011111100000001100000111111000000011000001111111111111110000011111111111111100000111111000000011000001111110000000110000011111000000001100000111110000000011000001100000000000110000000000000000000100000000000000000000000000000000000000000
0000000000000000000000000000000000000000000000000000000000000000000000000000000000000000000000000010000011100000000001100000111110000000011000001111100000000110000011111100000001100000111111000000011000001111111111111110000011111111111111100000111111000000011000001111110000000110000011111000000001100000111110000000011000001100000000000110000000000000000000100000000000000000000000000000000000000000
0000000000000000000000000000000000000000000000000000000000000000000000000000000000000000000000000010000011100000000001100000111110000000011000001111100000000110000011111100000001100000111111000000011000001111111111111110000011111111111111100000111111000000011000001111110000000110000011111000000001100000111110000000011000001100000000000110000000000000000000100000000000000000000000000000000000000000
0000000000000000000000000000000000000000000000000000000000000000000000000000000000000110000000000000000001111000000001100000011111000000011000000111110000000110000001111100000001100000011111000000011000000111111111111110000001111100000001100000011111000000011000000111110000000110000001111000000000100000011110000000000000000111000000000000000000000000000000000000000000000000000000000000000000000000
0000000000000000000000000000000000000000000000000000000000000000000000000000000000000110000000000000000001111000000001100000011111000000011000000111110000000110000001111100000001100000011111000000011000000111111111111110000001111100000001100000011111000000011000000111110000000110000001111000000000100000011110000000000000000111000000000000000000000000000000000000000000000000000000000000000000000000
0000000000000000000000000000000000000000000000000000000000000000000000000000000000000110000000000000000001111000000001100000011111000000011000000111110000000110000001111100000001100000011111000000011000000111111111111110000001111100000001100000011111000000011000000111110000000110000001111000000000100000011110000000000000000111000000000000000000000000000000000000000000000000000000000000000000000000
0000000000000000000000000000000000000000000000000000000000000000000000000000000000000110000000000000000001111000000001100000011111000000011000000111110000000110000001111100000001100000011111000000011000000111111111111110000001111100000001100000011111000000011000000111110000000110000001111000000000100000011110000000000000000111000000000000000000000000000000000000000000000000000000000000000000000000
