0000000000000000000000000000000000000000000000100000000000000000110000000000010000111111111111000100000111100000000001000000000100000000010000000000000000000100000000000000000001000000000000000000010000000000000000000100000000000000000001000000111000000000010000110000000000000100011011111111110001000011100000000000010000000110000000000100000000000000000000000000000000000000000000000000000000000000
0000000000000000000000000000000000000000000000100000000000000000110000000000010000111111111111000100000111100000000001000000000100000000010000000000000000000100000000000000000001000000000000000000010000000000000000000100000000000000000001000000111000000000010000110000000000000100011011111111110001000011100000000000010000000110000000000100000000000000000000000000000000000000000000000000000000000000
0000000000000000000000000000000000000000000000100000000000000000110000000000010000111111111111000100000111100000000001000000000100000000010000000000000000000100000000000000000001000000000000000000010000000000000000000100000000000000000001000000111000000000010000110000000000000100011011111111110001000011100000000000010000000110000000000100000000000000000000000000000000000000000000000000000000000000
0000000000000000000000000000000000000000000000100000000000000000110000000000010000111111111111000100000111100000000001000000000100000000010000000000000000000100000000000000000001000000000000000000010000000000000000000100000000000000000001000000111000000000010000110000000000000100011011111111110001000011100000000000010000000110000000000100000000000000000000000000000000000000000000000000000000000000
0000000000000000000000000000000000000000000000100000000000000000110000000000010000111111111111000100000111100000000001000000000100000000010000000000000000000100000000000000000001000000000000000000010000000000000000000100000000000000000001000000111000000000010000110000000000000100011011111111110001000011100000000000010000000110000000000100000000000000000000000000000000000000000000000000000000000000
0000000000000000000000000000000000000000000000100000000000000000110000000000010000111111111111000100000111100000000001000000000100000000010000000000000000000100000000000000000001000000000000000000010000000000000000000100000000000000000001000000111000000000010000110000000000000100011011111111110001000011100000000000010000000110000000000100000000000000000000000000000000000000000000000000000000000000
0000000000000000000000000000000000000000000000100000000000000000110000000000010000111111111111000100000111100000000001000000000100000000010000000000000000000100000000000000000001000000000000000000010000000000000000000100000000000000000001000000111000000000010000110000000000000100011011111111110001000011100000000000010000000110000000000100000000000000000000000000000000000000000000000000000000000000
0000000000000000000000000000000000000000000000100000000000000000110000000000010000111111111111000100000111100000000001000000000100000000010000000000000000000100000000000000000001000000000000000000010000000000000000000100000000000000000001000000111000000000010000110000000000000100011011111111110001000011100000000000010000000110000000000100000000000000000000000000000000000000000000000000000000000000
0000000000000000000000000000000000000000000000100000000000000000110000000000010000111111111111000100000111100000000001000000000100000000010000000000000000000100000000000000000001000000000000000000010000000000000000000100000000000000000001000000111000000000010000110000000000000100011011111111110001000011100000000000010000000110000000000100000000000000000000000000000000000000000000000000000000000000
0000000000000000000000000000000000000000000000100000000000000000110000000000010000111111111111000100000111100000000001000000000100000000010000000000000000000100000000000000000001000000000000000000010000000000000000000100000000000000000001000000111000000000010000110000000000000100011011111111110001000011100000000000010000000110000000000100000000000000000000000000000000000000000000000000000000000000
0000000000000000000000000000000000000000000000100000000000000000110000000000010000111111111111000100000111100000000001000000000100000000010000000000000000000100000000000000000001000000000000000000010000000000000000000100000000000000000001000000111000000000010000110000000000000100011011111111110001000011100000000000010000000110000000000100000000000000000000000000000000000000000000000000000000000000
0000000000000000000000000000000000000000000000100000000000000000110000000000010000111111111111000100000111100000000001000000000100000000010000000000000000000100000000000000000001000000000000000000010000000000000000000100000000000000000001000000111000000000010000110000000000000100011011111111110001000011100000000000010000000110000000000100000000000000000000000000000000000000000000000000000000000000
0000000000000000000000000000000000000000000000100000000000000000110000000000010000111111111111000100000111100000000001000000000100000000010000000000000000000100000000000000000001000000000000000000010000000000000000000100000000000000000001000000111000000000010000110000000000000100011011111111110001000011100000000000010000000110000000000100000000000000000000000000000000000000000000000000000000000000
0000000000000000000000000000000000000000000000100000000000000000110000000000010000111111111111000100000111100000000001000000000100000000010000000000000000000100000000000000000001000000000000000000010000000000000000000100000000000000000001000000111000000000010000110000000000000100011011111111110001000011100000000000010000000110000000000100000000000000000000000000000000000000000000000000000000000000
0000000000000000000000000000000000000000000000100000000000000000110000000000010000111111111111000100000111100000000001000000000100000000010000000000000000000100000000000000000001000000000000000000010000000000000000000100000000000000000001000000111000000000010000110000000000000100011011111111110001000011100000000000010000000110000000000100000000000000000000000000000000000000000000000000000000000000
0000000000000000000000000000000000000000000000100000000000000000110000000000010000111111111111000100000111100000000001000000000100000000010000000000000000000100000000000000000001000000000000000000010000000000000000000100000000000000000001000000111000000000010000110000000000000100011011111111110001000011100000000000010000000110000000000100000000000000000000000000000000000000000000000000000000000000
0000000000000000000000000000000000000000000000100000000000000000110000000000010000111111111111000100000111100000000001000000000100000000010000000000000000000100000000000000000001000000000000000000010000000000000000000100000000000000000001000000111000000000010000110000000000000100011011111111110001000011100000000000010000000110000000000100000000000000000000000000000000000000000000000000000000000000
0000000000000000000000000000000000000000000000100000000000000000110000000000010000111111111111000100000111100000000001000000000100000000010000000000000000000100000000000000000001000000000000000000010000000000000000000100000000000000000001000000111000000000010000110000000000000100011011111111110001000011100000000000010000000110000000000100000000000000000000000000000000000000000000000000000000000000
0000000000000000000000000000000000000000000000100000000000000000110000000000010000111111111111000100000111100000000001000000000100000000010000000000000000000100000000000000000001000000000000000000010000000000000000000100000000000000000001000000111000000000010000110000000000000100011011111111110001000011100000000000010000000110000000000100000000000000000000000000000000000000000000000000000000000000
0000000000000000000000000000000000000000000000100000000000000000110000000000010000111111111111000100000111100000000001000000000100000000010000000000000000000100000000000000000001000000000000000000010000000000000000000100000000000000000001000000111000000000010000110000000000000100011011111111110001000011100000000000010000000110000000000100000000000000000000000000000000000000000000000000000000000000
0000000000000000000000000000000000000000000000100000000000000000110000000000010000111111111111000100000111100000000001000000000100000000010000000000000000000100000000000000000001000000000000000000010000000000000000000100000000000000000001000000111000000000010000110000000000000100011011111111110001000011100000000000010000000110000000000100000000000000000000000000000000000000000000000000000000000000
0000000000000000000000000000000000000000000000100000000000000000110000000000010000111111111111000100000111100000000001000000000100000000010000000000000000000100000000000000000001000000000000000000010000000000000000000100000000000000000001000000111000000000010000110000000000000100011011111111110001000011100000000000010000000110000000000100000000000000000000000000000000000000000000000000000000000000
0000000000000000000000000000000000000000000000100000000000000000110000000000010000111111111111000100000111100000000001000000000100000000010000000000000000000100000000000000000001000000000000000000010000000000000000000100000000000000000001000000111000000000010000110000000000000100011011111111110001000011100000000000010000000110000000000100000000000000000000000000000000000000000000000000000000000000
0000000000000000000000000000000000000000000000100000000000000000110000000000010000111111111111000100000111100000000001000000000100000000010000000000000000000100000000000000000001000000000000000000010000000000000000000100000000000000000001000000111000000000010000110000000000000100011011111111110001000011100000000000010000000110000000000100000000000000000000000000000000000000000000000000000000000000
0000000000000000000000000000000000000000000000100000000000000000110000000000010000111111111111000100000111100000000001000000000100000000010000000000000000000100000000000000000001000000000000000000010000000000000000000100000000000000000001000000111000000000010000110000000000000100011011111111110001000011100000000000010000000110000000000100000000000000000000000000000000000000000000000000000000000000
0000000000000000000000000000000000000000000000100000000000000000110000000000010000111111111111000100000111100000000001000000000100000000010000000000000000000100000000000000000001000000000000000000010000000000000000000100000000000000000001000000111000000000010000110000000000000100011011111111110001000011100000000000010000000110000000000100000000000000000000000000000000000000000000000000000000000000
0000000000000000000000000000000000000000000000100000000000000000110000000000010000111111111111000100000111100000000001000000000100000000010000000000000000000100000000000000000001000000000000000000010000000000000000000100000000000000000001000000111000000000010000110000000000000100011011111111110001000011100000000000010000000110000000000100000000000000000000000000000000000000000000000000000000000000
0000000000000000000000000000000000000000000000100000000000000000110000000000010000111111111111000100000111100000000001000000000100000000010000000000000000000100000000000000000001000000000000000000010000000000000000000100000000000000000001000000111000000000010000110000000000000100011011111111110001000011100000000000010000000110000000000100000000000000000000000000000000000000000000000000000000000000
0000000000000000000000000000000000000000000000100000000000000000110000000000010000111111111111000100000111100000000001000000000100000000010000000000000000000100000000000000000001000000000000000000010000000000000000000100000000000000000001000000111000000000010000110000000000000100011011111111110001000011100000000000010000000110000000000100000000000000000000000000000000000000000000000000000000000000
0000000000000000000000000000000000000000000000100000000000000000110000000000010000111111111111000100000111100000000001000000000100000000010000000000000000000100000000000000000001000000000000000000010000000000000000000100000000000000000001000000111000000000010000110000000000000100011011111111110001000011100000000000010000000110000000000100000000000000000000000000000000000000000000000000000000000000
0000000000000000000000000000000000000000000000100000000000000000110000000000010000111111111111000100000111100000000001000000000100000000010000000000000000000100000000000000000001000000000000000000010000000000000000000100000000000000000001000000111000000000010000110000000000000100011011111111110001000011100000000000010000000110000000000100000000000000000000000000000000000000000000000000000000000000
0000000000000000000000000000000000000000000000100000000000000000110000000000010000111111111111000100000111100000000001000000000100000000010000000000000000000100000000000000000001000000000000000000010000000000000000000100000000000000000001000000111000000000010000110000000000000100011011111111110001000011100000000000010000000110000000000100000000000000000000000000000000000000000000000000000000000000
0000000000000000000000000000000000000000000000100000000000000000110000000000010000111111111111000100000111100000000001000000000100000000010000000000000000000100000000000000000001000000000000000000010000000000000000000100000000000000000001000000111000000000010000110000000000000100011011111111110001000011100000000000010000000110000000000100000000000000000000000000000000000000000000000000000000000000
0000000000000000000000000000000000000000000000100000000000000000110000000000010000111111111111000100000111100000000001000000000100000000010000000000000000000100000000000000000001000000000000000000010000000000000000000100000000000000000001000000111000000000010000110000000000000100011011111111110001000011100000000000010000000110000000000100000000000000000000000000000000000000000000000000000000000000
0000000000000000000000000000000000000000000000100000000000000000110000000000010000111111111111000100000111100000000001000000000100000000010000000000000000000100000000000000000001000000000000000000010000000000000000000100000000000000000001000000111000000000010000110000000000000100011011111111110001000011100000000000010000000110000000000100000000000000000000000000000000000000000000000000000000000000
0000000000000000000000000000000000000000000000000000000000000000000000000000000000000000000000000000000000000000000000000000000000000000000000000000000000000000000000000000000000000000000000000000000000000000000000000000000000000000000000000000000000000000000000000000000000000000000000000000000000000000000000000000000000000000000000000000000000000000000000000000000000000000000000000000000000000000
0000000000000000000000000000000000000000000000000000000000000000000000000000000000000000000000000000000000000000000000000000000000000000000000000000000000000000000000000000000000000000000000000000000000000000000000000000000000000000000000000000000000000000000000000000000000000000000000000000000000000000000000000000000000000000000000000000000000000000000000000000000000000000000000000000000000000000
0000000000000000000000000000000000000000000000000000000000000000000000000000000000000000000000000000000000000000000000000000000000000000000000000000000000000000000000000000000000000000000000000000000000000000000000000000000000000000000000000000000000000000000000000000000000000000000000000000000000000000000000000000000000000000000000000000000000000000000000000000000000000000000000000000000000000000
0000000000000000000000000000000000000000000000000000000000000000000000000000000000000000000000000000000000000000000000000000000000000000000000000000000000000000000000000000000000000000000000000000000000000000000000000000000000000000000000000000000000000000000000000000000000000000000000000000000000000000000000000000000000000000000000000000000000000000000000000000000000000000000000000000000000000000
0000000000000000000000000011000000000000000000110000000001100000110000000000011000011011111011110110001111100000000001100000011100000000011000000000000000000110000000000000000001100000000000000000011000000000000000000110000000000000000001100000000100000000011000000111000000110110000111000000110001100011101111100000011000111100100000000110000011111000000001100000001100000000000000000000100000000000
0000000000000000000000000011000000000000000000110000000001100000110000000000011000011011111011110110001111100000000001100000011100000000011000000000000000000110000000000000000001100000000000000000011000000000000000000110000000000000000001100000000100000000011000000111000000110110000111000000110001100011101111100000011000111100100000000110000011111000000001100000001100000000000000000000100000000000
